scmdp policy solved
[[[ 0.47  0.05  0.05 ...,  0.05  0.05  0.05]
  [ 0.73  0.    0.03 ...,  0.03  0.03  0.03]
  [ 0.73  0.03  0.   ...,  0.03  0.03  0.03]
  ..., 
  [ 0.73  0.03  0.03 ...,  0.    0.03  0.03]
  [ 0.73  0.03  0.03 ...,  0.03  0.    0.03]
  [ 0.73  0.03  0.03 ...,  0.03  0.03  0.  ]]

 [[ 0.47  0.05  0.05 ...,  0.05  0.05  0.05]
  [ 0.53  0.    0.05 ...,  0.05  0.05  0.05]
  [ 0.53  0.05  0.   ...,  0.05  0.05  0.05]
  ..., 
  [ 0.53  0.05  0.05 ...,  0.    0.05  0.05]
  [ 0.53  0.05  0.05 ...,  0.05  0.    0.05]
  [ 0.53  0.05  0.05 ...,  0.05  0.05  0.  ]]

 [[ 0.47  0.05  0.05 ...,  0.05  0.05  0.05]
  [ 0.53  0.    0.05 ...,  0.05  0.05  0.05]
  [ 0.53  0.05  0.   ...,  0.05  0.05  0.05]
  ..., 
  [ 0.53  0.05  0.05 ...,  0.    0.05  0.05]
  [ 0.53  0.05  0.05 ...,  0.05  0.    0.05]
  [ 0.53  0.05  0.05 ...,  0.05  0.05  0.  ]]

 ..., 
 [[ 0.9   0.01  0.01 ...,  0.01  0.01  0.01]
  [ 0.1   0.06  0.09 ...,  0.09  0.09  0.09]
  [ 0.1   0.09  0.06 ...,  0.09  0.09  0.09]
  ..., 
  [ 0.1   0.09  0.09 ...,  0.06  0.09  0.09]
  [ 0.11  0.09  0.09 ...,  0.09  0.06  0.09]
  [ 0.11  0.09  0.09 ...,  0.09  0.09  0.06]]

 [[ 0.89  0.01  0.01 ...,  0.01  0.01  0.01]
  [ 0.11  0.06  0.09 ...,  0.09  0.09  0.09]
  [ 0.11  0.09  0.06 ...,  0.09  0.09  0.09]
  ..., 
  [ 0.11  0.09  0.09 ...,  0.06  0.09  0.09]
  [ 0.11  0.09  0.09 ...,  0.09  0.06  0.09]
  [ 0.11  0.09  0.09 ...,  0.09  0.09  0.06]]

 [[ 0.88  0.01  0.01 ...,  0.01  0.01  0.02]
  [ 0.12  0.06  0.09 ...,  0.09  0.09  0.09]
  [ 0.12  0.09  0.06 ...,  0.09  0.09  0.09]
  ..., 
  [ 0.12  0.09  0.09 ...,  0.06  0.09  0.09]
  [ 0.12  0.09  0.09 ...,  0.09  0.06  0.09]
  [ 0.13  0.09  0.09 ...,  0.09  0.09  0.05]]]
[[ 1.    0.53  0.5   0.5   0.5   0.5   0.5   0.5   0.5   0.5   0.5   0.5
   0.5   0.5   0.5   0.5   0.5   0.5   0.5   0.5   0.5   0.5   0.5   0.5
   0.5   0.5   0.5   0.5   0.5   0.5   0.5   0.5   0.5   0.5   0.5   0.5
   0.5   0.5   0.5   0.5   0.5   0.5   0.5   0.5   0.5   0.5   0.5   0.5
   0.5   0.5 ]
 [ 0.    0.05  0.05  0.05  0.05  0.05  0.05  0.05  0.05  0.05  0.05  0.05
   0.05  0.05  0.05  0.05  0.05  0.05  0.05  0.05  0.05  0.05  0.05  0.05
   0.05  0.05  0.05  0.05  0.05  0.05  0.05  0.05  0.05  0.05  0.05  0.05
   0.05  0.05  0.05  0.05  0.05  0.05  0.05  0.05  0.05  0.05  0.05  0.05
   0.05  0.05]
 [ 0.    0.05  0.05  0.05  0.05  0.05  0.05  0.05  0.05  0.05  0.05  0.05
   0.05  0.05  0.05  0.05  0.05  0.05  0.05  0.05  0.05  0.05  0.05  0.05
   0.05  0.05  0.05  0.05  0.05  0.05  0.05  0.05  0.05  0.05  0.05  0.05
   0.05  0.05  0.05  0.05  0.05  0.05  0.05  0.05  0.05  0.05  0.05  0.05
   0.05  0.05]
 [ 0.    0.05  0.05  0.05  0.05  0.05  0.05  0.05  0.05  0.05  0.05  0.05
   0.05  0.05  0.05  0.05  0.05  0.05  0.05  0.05  0.05  0.05  0.05  0.05
   0.05  0.05  0.05  0.05  0.05  0.05  0.05  0.05  0.05  0.05  0.05  0.05
   0.05  0.05  0.05  0.05  0.05  0.05  0.05  0.05  0.05  0.05  0.05  0.05
   0.05  0.05]
 [ 0.    0.05  0.05  0.05  0.05  0.05  0.05  0.05  0.05  0.05  0.05  0.05
   0.05  0.05  0.05  0.05  0.05  0.05  0.05  0.05  0.05  0.05  0.05  0.05
   0.05  0.05  0.05  0.05  0.05  0.05  0.05  0.05  0.05  0.05  0.05  0.05
   0.05  0.05  0.05  0.05  0.05  0.05  0.05  0.05  0.05  0.05  0.05  0.05
   0.05  0.05]
 [ 0.    0.05  0.05  0.05  0.05  0.05  0.05  0.05  0.05  0.05  0.05  0.05
   0.05  0.05  0.05  0.05  0.05  0.05  0.05  0.05  0.05  0.05  0.05  0.05
   0.05  0.05  0.05  0.05  0.05  0.05  0.05  0.05  0.05  0.05  0.05  0.05
   0.05  0.05  0.05  0.05  0.05  0.05  0.05  0.05  0.05  0.05  0.05  0.05
   0.05  0.05]
 [ 0.    0.05  0.05  0.05  0.05  0.05  0.05  0.05  0.05  0.05  0.05  0.05
   0.05  0.05  0.05  0.05  0.05  0.05  0.05  0.05  0.05  0.05  0.05  0.05
   0.05  0.05  0.05  0.05  0.05  0.05  0.05  0.05  0.05  0.05  0.05  0.05
   0.05  0.05  0.05  0.05  0.05  0.05  0.05  0.05  0.05  0.05  0.05  0.05
   0.05  0.05]
 [ 0.    0.05  0.05  0.05  0.05  0.05  0.05  0.05  0.05  0.05  0.05  0.05
   0.05  0.05  0.05  0.05  0.05  0.05  0.05  0.05  0.05  0.05  0.05  0.05
   0.05  0.05  0.05  0.05  0.05  0.05  0.05  0.05  0.05  0.05  0.05  0.05
   0.05  0.05  0.05  0.05  0.05  0.05  0.05  0.05  0.05  0.05  0.05  0.05
   0.05  0.05]
 [ 0.    0.05  0.05  0.05  0.05  0.05  0.05  0.05  0.05  0.05  0.05  0.05
   0.05  0.05  0.05  0.05  0.05  0.05  0.05  0.05  0.05  0.05  0.05  0.05
   0.05  0.05  0.05  0.05  0.05  0.05  0.05  0.05  0.05  0.05  0.05  0.05
   0.05  0.05  0.05  0.05  0.05  0.05  0.05  0.05  0.05  0.05  0.05  0.05
   0.05  0.05]
 [ 0.    0.05  0.05  0.05  0.05  0.05  0.05  0.05  0.05  0.05  0.05  0.05
   0.05  0.05  0.05  0.05  0.05  0.05  0.05  0.05  0.05  0.05  0.05  0.05
   0.05  0.05  0.05  0.05  0.05  0.05  0.05  0.05  0.05  0.05  0.05  0.05
   0.05  0.05  0.05  0.05  0.05  0.05  0.05  0.05  0.05  0.05  0.05  0.05
   0.05  0.05]
 [ 0.    0.05  0.05  0.05  0.05  0.05  0.05  0.05  0.05  0.05  0.05  0.05
   0.05  0.05  0.05  0.05  0.05  0.05  0.05  0.05  0.05  0.05  0.05  0.05
   0.05  0.05  0.05  0.05  0.05  0.05  0.05  0.05  0.05  0.05  0.05  0.05
   0.05  0.05  0.05  0.05  0.05  0.05  0.05  0.05  0.05  0.05  0.05  0.05
   0.05  0.05]]
======================================
Reward       Upperbound   #agents      Got Reward   Violations  
0            1000         522          0            0           
1            50           37           37           0           
0.9          50           56           50.4         6           
0.8          50           59           47.2         9           
0.7          50           37           25.9         0           
0.6          50           57           34.2         7           
0.5          50           49           24.5         0           
0.4          50           52           20.8         2           
0.3          50           54           16.2         4           
0.2          50           39           7.8          0           
0.1          50           38           3.8          0           
--------------------------------------
Violations   Total Reward Total #agents
28           249.0        1000        
======================================
Reward       Upperbound   #agents      Got Reward   Violations  
0            1000         513          0            0           
1            50           40           40           0           
0.9          50           45           40.5         0           
0.8          50           45           36.0         0           
0.7          50           51           35.7         1           
0.6          50           53           31.8         3           
0.5          50           64           32.0         14          
0.4          50           42           16.8         0           
0.3          50           48           14.4         0           
0.2          50           52           10.4         2           
0.1          50           47           4.7          0           
--------------------------------------
Violations   Total Reward Total #agents
48           501.4        1000        
======================================
Reward       Upperbound   #agents      Got Reward   Violations  
0            1000         496          0            0           
1            50           54           54           4           
0.9          50           55           49.5         5           
0.8          50           42           33.6         0           
0.7          50           53           37.1         3           
0.6          50           43           25.8         0           
0.5          50           48           24.0         0           
0.4          50           54           21.6         4           
0.3          50           45           13.5         0           
0.2          50           67           13.4         17          
0.1          50           43           4.3          0           
--------------------------------------
Violations   Total Reward Total #agents
81           762.6        1000        
======================================
Reward       Upperbound   #agents      Got Reward   Violations  
0            1000         533          0            0           
1            50           44           44           0           
0.9          50           48           43.2         0           
0.8          50           41           32.8         0           
0.7          50           51           35.7         1           
0.6          50           55           33.0         5           
0.5          50           54           27.0         4           
0.4          50           51           20.4         1           
0.3          50           43           12.9         0           
0.2          50           35           7.0          0           
0.1          50           45           4.5          0           
--------------------------------------
Violations   Total Reward Total #agents
92           1017.0       1000        
======================================
Reward       Upperbound   #agents      Got Reward   Violations  
0            1000         505          0            0           
1            50           46           46           0           
0.9          50           47           42.3         0           
0.8          50           46           36.8         0           
0.7          50           52           36.4         2           
0.6          50           46           27.6         0           
0.5          50           67           33.5         17          
0.4          50           52           20.8         2           
0.3          50           59           17.7         9           
0.2          50           34           6.8          0           
0.1          50           46           4.6          0           
--------------------------------------
Violations   Total Reward Total #agents
122          1276.1       1000        
======================================
Reward       Upperbound   #agents      Got Reward   Violations  
0            1000         535          0            0           
1            50           52           52           2           
0.9          50           40           36.0         0           
0.8          50           35           28.0         0           
0.7          50           45           31.5         0           
0.6          50           54           32.4         4           
0.5          50           51           25.5         1           
0.4          50           50           20.0         0           
0.3          50           41           12.3         0           
0.2          50           48           9.6          0           
0.1          50           49           4.9          0           
--------------------------------------
Violations   Total Reward Total #agents
129          1523.4       1000        
======================================
Reward       Upperbound   #agents      Got Reward   Violations  
0            1000         560          0            0           
1            50           34           34           0           
0.9          50           57           51.3         7           
0.8          50           50           40.0         0           
0.7          50           47           32.9         0           
0.6          50           46           27.6         0           
0.5          50           42           21.0         0           
0.4          50           41           16.4         0           
0.3          50           35           10.5         0           
0.2          50           45           9.0          0           
0.1          50           43           4.3          0           
--------------------------------------
Violations   Total Reward Total #agents
136          1764.1       1000        
======================================
Reward       Upperbound   #agents      Got Reward   Violations  
0            1000         553          0            0           
1            50           36           36           0           
0.9          50           39           35.1         0           
0.8          50           49           39.2         0           
0.7          50           47           32.9         0           
0.6          50           41           24.6         0           
0.5          50           55           27.5         5           
0.4          50           43           17.2         0           
0.3          50           44           13.2         0           
0.2          50           48           9.6          0           
0.1          50           45           4.5          0           
--------------------------------------
Violations   Total Reward Total #agents
141          2001.4       1000        
======================================
Reward       Upperbound   #agents      Got Reward   Violations  
0            1000         558          0            0           
1            50           44           44           0           
0.9          50           35           31.5         0           
0.8          50           42           33.6         0           
0.7          50           51           35.7         1           
0.6          50           53           31.8         3           
0.5          50           42           21.0         0           
0.4          50           39           15.6         0           
0.3          50           42           12.6         0           
0.2          50           49           9.8          0           
0.1          50           45           4.5          0           
--------------------------------------
Violations   Total Reward Total #agents
145          2239.0       1000        
======================================
Reward       Upperbound   #agents      Got Reward   Violations  
0            1000         572          0            0           
1            50           42           42           0           
0.9          50           45           40.5         0           
0.8          50           55           44.0         5           
0.7          50           43           30.1         0           
0.6          50           40           24.0         0           
0.5          50           41           20.5         0           
0.4          50           37           14.8         0           
0.3          50           40           12.0         0           
0.2          50           44           8.8          0           
0.1          50           41           4.1          0           
--------------------------------------
Violations   Total Reward Total #agents
150          2475.8       1000        
======================================
Reward       Upperbound   #agents      Got Reward   Violations  
0            1000         575          0            0           
1            50           37           37           0           
0.9          50           40           36.0         0           
0.8          50           32           25.6         0           
0.7          50           33           23.1         0           
0.6          50           51           30.6         1           
0.5          50           51           25.5         1           
0.4          50           47           18.8         0           
0.3          50           43           12.9         0           
0.2          50           45           9.0          0           
0.1          50           46           4.6          0           
--------------------------------------
Violations   Total Reward Total #agents
152          2697.8       1000        
======================================
Reward       Upperbound   #agents      Got Reward   Violations  
0            1000         586          0            0           
1            50           51           51           1           
0.9          50           36           32.4         0           
0.8          50           44           35.2         0           
0.7          50           31           21.7         0           
0.6          50           44           26.4         0           
0.5          50           38           19.0         0           
0.4          50           41           16.4         0           
0.3          50           46           13.8         0           
0.2          50           38           7.6          0           
0.1          50           45           4.5          0           
--------------------------------------
Violations   Total Reward Total #agents
153          2924.8       1000        
======================================
Reward       Upperbound   #agents      Got Reward   Violations  
0            1000         591          0            0           
1            50           42           42           0           
0.9          50           37           33.3         0           
0.8          50           35           28.0         0           
0.7          50           37           25.9         0           
0.6          50           45           27.0         0           
0.5          50           55           27.5         5           
0.4          50           37           14.8         0           
0.3          50           45           13.5         0           
0.2          50           39           7.8          0           
0.1          50           37           3.7          0           
--------------------------------------
Violations   Total Reward Total #agents
158          3145.8       1000        
======================================
Reward       Upperbound   #agents      Got Reward   Violations  
0            1000         573          0            0           
1            50           30           30           0           
0.9          50           44           39.6         0           
0.8          50           50           40.0         0           
0.7          50           44           30.8         0           
0.6          50           38           22.8         0           
0.5          50           49           24.5         0           
0.4          50           39           15.6         0           
0.3          50           35           10.5         0           
0.2          50           58           11.6         8           
0.1          50           40           4.0          0           
--------------------------------------
Violations   Total Reward Total #agents
166          3373.6       1000        
======================================
Reward       Upperbound   #agents      Got Reward   Violations  
0            1000         605          0            0           
1            50           27           27           0           
0.9          50           44           39.6         0           
0.8          50           39           31.2         0           
0.7          50           36           25.2         0           
0.6          50           46           27.6         0           
0.5          50           33           16.5         0           
0.4          50           41           16.4         0           
0.3          50           41           12.3         0           
0.2          50           42           8.4          0           
0.1          50           46           4.6          0           
--------------------------------------
Violations   Total Reward Total #agents
166          3582.4       1000        
======================================
Reward       Upperbound   #agents      Got Reward   Violations  
0            1000         584          0            0           
1            50           48           48           0           
0.9          50           38           34.2         0           
0.8          50           40           32.0         0           
0.7          50           42           29.4         0           
0.6          50           35           21.0         0           
0.5          50           30           15.0         0           
0.4          50           38           15.2         0           
0.3          50           47           14.1         0           
0.2          50           51           10.2         1           
0.1          50           47           4.7          0           
--------------------------------------
Violations   Total Reward Total #agents
167          3806.0       1000        
======================================
Reward       Upperbound   #agents      Got Reward   Violations  
0            1000         604          0            0           
1            50           38           38           0           
0.9          50           43           38.7         0           
0.8          50           39           31.2         0           
0.7          50           42           29.4         0           
0.6          50           39           23.4         0           
0.5          50           43           21.5         0           
0.4          50           29           11.6         0           
0.3          50           47           14.1         0           
0.2          50           41           8.2          0           
0.1          50           35           3.5          0           
--------------------------------------
Violations   Total Reward Total #agents
167          4025.6       1000        
======================================
Reward       Upperbound   #agents      Got Reward   Violations  
0            1000         593          0            0           
1            50           51           51           1           
0.9          50           43           38.7         0           
0.8          50           44           35.2         0           
0.7          50           40           28.0         0           
0.6          50           41           24.6         0           
0.5          50           45           22.5         0           
0.4          50           34           13.6         0           
0.3          50           36           10.8         0           
0.2          50           29           5.8          0           
0.1          50           44           4.4          0           
--------------------------------------
Violations   Total Reward Total #agents
168          4259.2       1000        
======================================
Reward       Upperbound   #agents      Got Reward   Violations  
0            1000         625          0            0           
1            50           44           44           0           
0.9          50           39           35.1         0           
0.8          50           46           36.8         0           
0.7          50           30           21.0         0           
0.6          50           41           24.6         0           
0.5          50           32           16.0         0           
0.4          50           40           16.0         0           
0.3          50           30           9.0          0           
0.2          50           39           7.8          0           
0.1          50           34           3.4          0           
--------------------------------------
Violations   Total Reward Total #agents
168          4472.9       1000        
======================================
Reward       Upperbound   #agents      Got Reward   Violations  
0            1000         620          0            0           
1            50           43           43           0           
0.9          50           41           36.9         0           
0.8          50           30           24.0         0           
0.7          50           32           22.4         0           
0.6          50           41           24.6         0           
0.5          50           34           17.0         0           
0.4          50           38           15.2         0           
0.3          50           44           13.2         0           
0.2          50           38           7.6          0           
0.1          50           39           3.9          0           
--------------------------------------
Violations   Total Reward Total #agents
168          4680.7       1000        
======================================
Reward       Upperbound   #agents      Got Reward   Violations  
0            1000         606          0            0           
1            50           46           46           0           
0.9          50           36           32.4         0           
0.8          50           38           30.4         0           
0.7          50           51           35.7         1           
0.6          50           38           22.8         0           
0.5          50           37           18.5         0           
0.4          50           39           15.6         0           
0.3          50           26           7.8          0           
0.2          50           36           7.2          0           
0.1          50           47           4.7          0           
--------------------------------------
Violations   Total Reward Total #agents
169          4901.1       1000        
======================================
Reward       Upperbound   #agents      Got Reward   Violations  
0            1000         628          0            0           
1            50           31           31           0           
0.9          50           29           26.1         0           
0.8          50           27           21.6         0           
0.7          50           40           28.0         0           
0.6          50           49           29.4         0           
0.5          50           46           23.0         0           
0.4          50           27           10.8         0           
0.3          50           38           11.4         0           
0.2          50           42           8.4          0           
0.1          50           43           4.3          0           
--------------------------------------
Violations   Total Reward Total #agents
169          5095.1       1000        
======================================
Reward       Upperbound   #agents      Got Reward   Violations  
0            1000         629          0            0           
1            50           37           37           0           
0.9          50           36           32.4         0           
0.8          50           34           27.2         0           
0.7          50           39           27.3         0           
0.6          50           40           24.0         0           
0.5          50           36           18.0         0           
0.4          50           38           15.2         0           
0.3          50           29           8.7          0           
0.2          50           37           7.4          0           
0.1          50           45           4.5          0           
--------------------------------------
Violations   Total Reward Total #agents
169          5296.8       1000        
======================================
Reward       Upperbound   #agents      Got Reward   Violations  
0            1000         620          0            0           
1            50           30           30           0           
0.9          50           26           23.4         0           
0.8          50           36           28.8         0           
0.7          50           46           32.2         0           
0.6          50           41           24.6         0           
0.5          50           48           24.0         0           
0.4          50           31           12.4         0           
0.3          50           37           11.1         0           
0.2          50           44           8.8          0           
0.1          50           41           4.1          0           
--------------------------------------
Violations   Total Reward Total #agents
169          5496.2       1000        
======================================
Reward       Upperbound   #agents      Got Reward   Violations  
0            1000         636          0            0           
1            50           34           34           0           
0.9          50           22           19.8         0           
0.8          50           48           38.4         0           
0.7          50           32           22.4         0           
0.6          50           33           19.8         0           
0.5          50           53           26.5         3           
0.4          50           30           12.0         0           
0.3          50           46           13.8         0           
0.2          50           33           6.6          0           
0.1          50           33           3.3          0           
--------------------------------------
Violations   Total Reward Total #agents
172          5691.3       1000        
======================================
Reward       Upperbound   #agents      Got Reward   Violations  
0            1000         637          0            0           
1            50           40           40           0           
0.9          50           39           35.1         0           
0.8          50           44           35.2         0           
0.7          50           30           21.0         0           
0.6          50           40           24.0         0           
0.5          50           36           18.0         0           
0.4          50           44           17.6         0           
0.3          50           34           10.2         0           
0.2          50           21           4.2          0           
0.1          50           35           3.5          0           
--------------------------------------
Violations   Total Reward Total #agents
172          5900.1       1000        
======================================
Reward       Upperbound   #agents      Got Reward   Violations  
0            1000         640          0            0           
1            50           34           34           0           
0.9          50           37           33.3         0           
0.8          50           32           25.6         0           
0.7          50           41           28.7         0           
0.6          50           29           17.4         0           
0.5          50           42           21.0         0           
0.4          50           35           14.0         0           
0.3          50           39           11.7         0           
0.2          50           29           5.8          0           
0.1          50           42           4.2          0           
--------------------------------------
Violations   Total Reward Total #agents
172          6095.8       1000        
======================================
Reward       Upperbound   #agents      Got Reward   Violations  
0            1000         613          0            0           
1            50           33           33           0           
0.9          50           36           32.4         0           
0.8          50           35           28.0         0           
0.7          50           42           29.4         0           
0.6          50           33           19.8         0           
0.5          50           40           20.0         0           
0.4          50           44           17.6         0           
0.3          50           41           12.3         0           
0.2          50           47           9.4          0           
0.1          50           36           3.6          0           
--------------------------------------
Violations   Total Reward Total #agents
172          6301.3       1000        
======================================
Reward       Upperbound   #agents      Got Reward   Violations  
0            1000         629          0            0           
1            50           38           38           0           
0.9          50           34           30.6         0           
0.8          50           50           40.0         0           
0.7          50           30           21.0         0           
0.6          50           42           25.2         0           
0.5          50           47           23.5         0           
0.4          50           30           12.0         0           
0.3          50           44           13.2         0           
0.2          50           27           5.4          0           
0.1          50           29           2.9          0           
--------------------------------------
Violations   Total Reward Total #agents
172          6513.1       1000        
======================================
Reward       Upperbound   #agents      Got Reward   Violations  
0            1000         630          0            0           
1            50           44           44           0           
0.9          50           20           18.0         0           
0.8          50           36           28.8         0           
0.7          50           30           21.0         0           
0.6          50           41           24.6         0           
0.5          50           39           19.5         0           
0.4          50           38           15.2         0           
0.3          50           42           12.6         0           
0.2          50           42           8.4          0           
0.1          50           38           3.8          0           
--------------------------------------
Violations   Total Reward Total #agents
172          6709.0       1000        
======================================
Reward       Upperbound   #agents      Got Reward   Violations  
0            1000         621          0            0           
1            50           44           44           0           
0.9          50           28           25.2         0           
0.8          50           31           24.8         0           
0.7          50           34           23.8         0           
0.6          50           29           17.4         0           
0.5          50           41           20.5         0           
0.4          50           42           16.8         0           
0.3          50           38           11.4         0           
0.2          50           47           9.4          0           
0.1          50           45           4.5          0           
--------------------------------------
Violations   Total Reward Total #agents
172          6906.8       1000        
======================================
Reward       Upperbound   #agents      Got Reward   Violations  
0            1000         609          0            0           
1            50           42           42           0           
0.9          50           36           32.4         0           
0.8          50           41           32.8         0           
0.7          50           30           21.0         0           
0.6          50           42           25.2         0           
0.5          50           36           18.0         0           
0.4          50           43           17.2         0           
0.3          50           34           10.2         0           
0.2          50           45           9.0          0           
0.1          50           42           4.2          0           
--------------------------------------
Violations   Total Reward Total #agents
172          7118.8       1000        
======================================
Reward       Upperbound   #agents      Got Reward   Violations  
0            1000         639          0            0           
1            50           37           37           0           
0.9          50           43           38.7         0           
0.8          50           42           33.6         0           
0.7          50           30           21.0         0           
0.6          50           26           15.6         0           
0.5          50           46           23.0         0           
0.4          50           23           9.2          0           
0.3          50           30           9.0          0           
0.2          50           43           8.6          0           
0.1          50           41           4.1          0           
--------------------------------------
Violations   Total Reward Total #agents
172          7318.6       1000        
======================================
Reward       Upperbound   #agents      Got Reward   Violations  
0            1000         677          0            0           
1            50           26           26           0           
0.9          50           32           28.8         0           
0.8          50           31           24.8         0           
0.7          50           21           14.7         0           
0.6          50           30           18.0         0           
0.5          50           33           16.5         0           
0.4          50           35           14.0         0           
0.3          50           36           10.8         0           
0.2          50           38           7.6          0           
0.1          50           41           4.1          0           
--------------------------------------
Violations   Total Reward Total #agents
172          7483.9       1000        
======================================
Reward       Upperbound   #agents      Got Reward   Violations  
0            1000         613          0            0           
1            50           36           36           0           
0.9          50           40           36.0         0           
0.8          50           43           34.4         0           
0.7          50           34           23.8         0           
0.6          50           36           21.6         0           
0.5          50           35           17.5         0           
0.4          50           38           15.2         0           
0.3          50           44           13.2         0           
0.2          50           41           8.2          0           
0.1          50           40           4.0          0           
--------------------------------------
Violations   Total Reward Total #agents
172          7693.8       1000        
======================================
Reward       Upperbound   #agents      Got Reward   Violations  
0            1000         612          0            0           
1            50           43           43           0           
0.9          50           37           33.3         0           
0.8          50           26           20.8         0           
0.7          50           49           34.3         0           
0.6          50           39           23.4         0           
0.5          50           38           19.0         0           
0.4          50           37           14.8         0           
0.3          50           42           12.6         0           
0.2          50           42           8.4          0           
0.1          50           35           3.5          0           
--------------------------------------
Violations   Total Reward Total #agents
172          7906.9       1000        
======================================
Reward       Upperbound   #agents      Got Reward   Violations  
0            1000         631          0            0           
1            50           35           35           0           
0.9          50           41           36.9         0           
0.8          50           35           28.0         0           
0.7          50           43           30.1         0           
0.6          50           39           23.4         0           
0.5          50           41           20.5         0           
0.4          50           51           20.4         1           
0.3          50           26           7.8          0           
0.2          50           40           8.0          0           
0.1          50           18           1.8          0           
--------------------------------------
Violations   Total Reward Total #agents
173          8118.4       1000        
======================================
Reward       Upperbound   #agents      Got Reward   Violations  
0            1000         634          0            0           
1            50           29           29           0           
0.9          50           39           35.1         0           
0.8          50           38           30.4         0           
0.7          50           31           21.7         0           
0.6          50           37           22.2         0           
0.5          50           54           27.0         4           
0.4          50           39           15.6         0           
0.3          50           31           9.3          0           
0.2          50           30           6.0          0           
0.1          50           38           3.8          0           
--------------------------------------
Violations   Total Reward Total #agents
177          8316.5       1000        
======================================
Reward       Upperbound   #agents      Got Reward   Violations  
0            1000         637          0            0           
1            50           35           35           0           
0.9          50           27           24.3         0           
0.8          50           32           25.6         0           
0.7          50           48           33.6         0           
0.6          50           39           23.4         0           
0.5          50           35           17.5         0           
0.4          50           29           11.6         0           
0.3          50           31           9.3          0           
0.2          50           39           7.8          0           
0.1          50           48           4.8          0           
--------------------------------------
Violations   Total Reward Total #agents
177          8509.4       1000        
======================================
Reward       Upperbound   #agents      Got Reward   Violations  
0            1000         616          0            0           
1            50           35           35           0           
0.9          50           33           29.7         0           
0.8          50           46           36.8         0           
0.7          50           38           26.6         0           
0.6          50           38           22.8         0           
0.5          50           44           22.0         0           
0.4          50           39           15.6         0           
0.3          50           36           10.8         0           
0.2          50           36           7.2          0           
0.1          50           39           3.9          0           
--------------------------------------
Violations   Total Reward Total #agents
177          8719.8       1000        
======================================
Reward       Upperbound   #agents      Got Reward   Violations  
0            1000         623          0            0           
1            50           33           33           0           
0.9          50           42           37.8         0           
0.8          50           38           30.4         0           
0.7          50           38           26.6         0           
0.6          50           40           24.0         0           
0.5          50           38           19.0         0           
0.4          50           44           17.6         0           
0.3          50           29           8.7          0           
0.2          50           37           7.4          0           
0.1          50           38           3.8          0           
--------------------------------------
Violations   Total Reward Total #agents
177          8928.1       1000        
======================================
Reward       Upperbound   #agents      Got Reward   Violations  
0            1000         624          0            0           
1            50           35           35           0           
0.9          50           33           29.7         0           
0.8          50           38           30.4         0           
0.7          50           40           28.0         0           
0.6          50           38           22.8         0           
0.5          50           49           24.5         0           
0.4          50           38           15.2         0           
0.3          50           29           8.7          0           
0.2          50           31           6.2          0           
0.1          50           45           4.5          0           
--------------------------------------
Violations   Total Reward Total #agents
177          9133.1       1000        
======================================
Reward       Upperbound   #agents      Got Reward   Violations  
0            1000         611          0            0           
1            50           45           45           0           
0.9          50           30           27.0         0           
0.8          50           41           32.8         0           
0.7          50           37           25.9         0           
0.6          50           37           22.2         0           
0.5          50           36           18.0         0           
0.4          50           43           17.2         0           
0.3          50           33           9.9          0           
0.2          50           50           10.0         0           
0.1          50           37           3.7          0           
--------------------------------------
Violations   Total Reward Total #agents
177          9344.8       1000        
======================================
Reward       Upperbound   #agents      Got Reward   Violations  
0            1000         604          0            0           
1            50           43           43           0           
0.9          50           37           33.3         0           
0.8          50           58           46.4         8           
0.7          50           37           25.9         0           
0.6          50           28           16.8         0           
0.5          50           26           13.0         0           
0.4          50           44           17.6         0           
0.3          50           39           11.7         0           
0.2          50           41           8.2          0           
0.1          50           43           4.3          0           
--------------------------------------
Violations   Total Reward Total #agents
185          9558.6       1000        
======================================
Reward       Upperbound   #agents      Got Reward   Violations  
0            1000         615          0            0           
1            50           48           48           0           
0.9          50           45           40.5         0           
0.8          50           36           28.8         0           
0.7          50           39           27.3         0           
0.6          50           38           22.8         0           
0.5          50           37           18.5         0           
0.4          50           42           16.8         0           
0.3          50           32           9.6          0           
0.2          50           34           6.8          0           
0.1          50           34           3.4          0           
--------------------------------------
Violations   Total Reward Total #agents
185          9781.1       1000        
======================================
Reward       Upperbound   #agents      Got Reward   Violations  
0            1000         608          0            0           
1            50           33           33           0           
0.9          50           52           46.8         2           
0.8          50           39           31.2         0           
0.7          50           32           22.4         0           
0.6          50           33           19.8         0           
0.5          50           57           28.5         7           
0.4          50           32           12.8         0           
0.3          50           49           14.7         0           
0.2          50           38           7.6          0           
0.1          50           27           2.7          0           
--------------------------------------
Violations   Total Reward Total #agents
194          9995.3       1000        
======================================
Reward       Upperbound   #agents      Got Reward   Violations  
0            1000         611          0            0           
1            50           41           41           0           
0.9          50           31           27.9         0           
0.8          50           40           32.0         0           
0.7          50           24           16.8         0           
0.6          50           46           27.6         0           
0.5          50           41           20.5         0           
0.4          50           42           16.8         0           
0.3          50           42           12.6         0           
0.2          50           48           9.6          0           
0.1          50           34           3.4          0           
--------------------------------------
Violations   Total Reward Total #agents
194          10203.5      1000        
======================================
Reward       Upperbound   #agents      Got Reward   Violations  
0            1000         603          0            0           
1            50           37           37           0           
0.9          50           40           36.0         0           
0.8          50           40           32.0         0           
0.7          50           37           25.9         0           
0.6          50           30           18.0         0           
0.5          50           43           21.5         0           
0.4          50           39           15.6         0           
0.3          50           37           11.1         0           
0.2          50           49           9.8          0           
0.1          50           45           4.5          0           
--------------------------------------
Violations   Total Reward Total #agents
194          10414.9      1000        
======================================
Reward       Upperbound   #agents      Got Reward   Violations  
0            1000         626          0            0           
1            50           50           50           0           
0.9          50           32           28.8         0           
0.8          50           36           28.8         0           
0.7          50           41           28.7         0           
0.6          50           32           19.2         0           
0.5          50           24           12.0         0           
0.4          50           44           17.6         0           
0.3          50           47           14.1         0           
0.2          50           34           6.8          0           
0.1          50           34           3.4          0           
--------------------------------------
Violations   Total Reward Total #agents
194          10624.3      1000        
experiment finished
